image: ./wonik_4th.png
resolution: 0.050000
origin: [0, 0, 0]
negate: 0
occupied_thresh: 0.65
free_thresh: 0.196
#origin: [-119.000000, -82.000000, 1.570796]

